2015-01-01,0,6,6,6,6,6,6,6,6,6,6,6,6,6,6,6
2015-01-01,83,43,43,43,43,43,43,43,43,43,43,43,43,43,12,43
2015-01-01,10001,309,309,309,309,309,309,309,309,309,309,309,309,309,268,309
2015-01-01,10002,473,473,473,473,473,473,473,473,473,473,473,473,473,446,473
2015-01-01,10003,638,638,638,638,638,638,638,638,638,638,638,638,638,594,638
2015-01-01,10004,29,29,29,29,29,29,29,29,29,29,29,29,29,20,29
2015-01-01,10005,46,46,46,46,46,46,46,46,46,46,46,46,46,36,46
2015-01-01,10007,119,119,119,119,119,119,119,119,119,119,119,119,119,74,119
2015-01-01,10009,378,378,378,378,378,378,378,378,378,378,378,378,378,352,378
2015-01-01,10010,160,160,160,160,160,160,160,160,160,160,160,160,160,150,160
2015-01-01,10011,491,491,491,491,491,491,491,491,491,491,491,491,491,460,491
2015-01-01,10012,224,224,224,224,224,224,224,224,224,224,224,224,224,211,224
2015-01-01,10013,259,259,259,259,259,259,259,259,259,259,259,259,259,230,259
2015-01-01,10014,331,331,331,331,331,331,331,331,331,331,331,331,331,300,331
2015-01-01,10016,341,341,341,341,341,341,341,341,341,341,341,341,341,309,341
2015-01-01,10017,95,95,95,95,95,95,95,95,95,95,95,95,95,91,95
2015-01-01,10018,98,98,98,98,98,98,98,98,98,98,98,98,98,89,98
2015-01-01,10019,269,269,269,269,269,269,269,269,269,269,269,269,269,210,269
2015-01-01,10022,94,94,94,94,94,94,94,94,94,94,94,94,94,82,94
2015-01-01,10023,63,63,63,63,63,63,63,63,63,63,63,63,63,43,63
2015-01-01,10036,181,181,181,181,181,181,181,181,181,181,181,181,181,151,181
2015-01-01,10038,87,87,87,87,87,87,87,87,87,87,87,87,87,70,87
2015-01-01,10280,26,26,26,26,26,26,26,26,26,26,26,26,26,24,26
2015-01-01,10281,25,25,25,25,25,25,25,25,25,25,25,25,25,21,25
2015-01-01,10282,13,13,13,13,13,13,13,13,13,13,13,13,13,9,13
2015-01-01,11201,231,231,231,231,231,231,231,231,231,231,231,231,231,168,231
2015-01-01,11205,107,107,107,107,107,107,107,107,107,107,107,107,107,83,107
2015-01-01,11211,29,29,29,29,29,29,29,29,29,29,29,29,29,23,29
2015-01-01,11216,17,17,17,17,17,17,17,17,17,17,17,17,17,17,17
2015-01-01,11217,64,64,64,64,64,64,64,64,64,64,64,64,64,51,64
2015-01-01,11238,35,35,35,35,35,35,35,35,35,35,35,35,35,28,35
2015-01-01,11249,36,36,36,36,36,36,36,36,36,36,36,36,36,23,36
2015-01-02,0,18,18,18,18,18,18,18,18,18,18,18,18,18,9,18
2015-01-02,83,54,54,54,54,54,54,54,54,54,54,54,54,54,22,54
2015-01-02,10001,842,842,842,842,842,842,842,842,842,842,842,842,842,806,842
2015-01-02,10002,668,668,668,668,668,668,668,668,668,668,668,668,668,646,668
2015-01-02,10003,1283,1283,1283,1283,1283,1283,1283,1283,1283,1283,1283,1283,1283,1224,1283
2015-01-02,10004,76,76,76,76,76,76,76,76,76,76,76,76,76,72,76
2015-01-02,10005,158,158,158,158,158,158,158,158,158,158,158,158,158,142,158
2015-01-02,10007,298,298,298,298,298,298,298,298,298,298,298,298,298,261,298
2015-01-02,10009,569,569,569,569,569,569,569,569,569,569,569,569,569,554,569
2015-01-02,10010,407,407,407,407,407,407,407,407,407,407,407,407,407,385,407
2015-01-02,10011,1014,1014,1014,1014,1014,1014,1014,1014,1014,1014,1014,1014,1014,995,1014
2015-01-02,10012,431,431,431,431,431,431,431,431,431,431,431,431,431,412,431
2015-01-02,10013,439,439,439,439,439,439,439,439,439,439,439,439,439,417,439
2015-01-02,10014,640,640,640,640,640,640,640,640,640,640,640,640,640,612,640
2015-01-02,10016,857,857,857,857,857,857,857,857,857,857,857,857,857,825,857
2015-01-02,10017,487,487,487,487,487,487,487,487,487,487,487,487,487,467,487
2015-01-02,10018,367,367,367,367,367,367,367,367,367,367,367,367,367,354,367
2015-01-02,10019,692,692,692,692,692,692,692,692,692,692,692,692,692,629,692
2015-01-02,10022,338,338,338,338,338,338,338,338,338,338,338,338,338,321,338
2015-01-02,10023,70,70,70,70,70,70,70,70,70,70,70,70,70,65,70
2015-01-02,10036,494,494,494,494,494,494,494,494,494,494,494,494,494,474,494
2015-01-02,10038,183,183,183,183,183,183,183,183,183,183,183,183,183,172,183
2015-01-02,10280,52,52,52,52,52,52,52,52,52,52,52,52,52,50,52
2015-01-02,10281,61,61,61,61,61,61,61,61,61,61,61,61,61,57,61
2015-01-02,10282,68,68,68,68,68,68,68,68,68,68,68,68,68,64,68
2015-01-02,11201,349,349,349,349,349,349,349,349,349,349,349,349,349,288,349
2015-01-02,11205,148,148,148,148,148,148,148,148,148,148,148,148,148,132,148
2015-01-02,11211,51,51,51,51,51,51,51,51,51,51,51,51,51,33,51
2015-01-02,11216,8,8,8,8,8,8,8,8,8,8,8,8,8,8,8
2015-01-02,11217,96,96,96,96,96,96,96,96,96,96,96,96,96,89,96
2015-01-02,11238,48,48,48,48,48,48,48,48,48,48,48,48,48,46,48
2015-01-02,11249,31,31,31,31,31,31,31,31,31,31,31,31,31,29,31
2015-01-02,11251,7,7,7,7,7,7,7,7,7,7,7,7,7,3,7
2015-01-03,0,9,9,9,9,9,9,9,9,9,9,9,9,9,7,9
2015-01-03,83,17,17,17,17,17,17,17,17,17,17,17,17,17,8,17
2015-01-03,10001,283,283,283,283,283,283,283,283,283,283,283,283,283,266,283
2015-01-03,10002,395,395,395,395,395,395,395,395,395,395,395,395,395,386,395
2015-01-03,10003,525,525,525,525,525,525,525,525,525,525,525,525,525,515,525
2015-01-03,10004,21,21,21,21,21,21,21,21,21,21,21,21,21,17,21
2015-01-03,10005,34,34,34,34,34,34,34,34,34,34,34,34,34,31,34
2015-01-03,10007,82,82,82,82,82,82,82,82,82,82,82,82,82,78,82
2015-01-03,10009,365,365,365,365,365,365,365,365,365,365,365,365,365,356,365
2015-01-03,10010,150,150,150,150,150,150,150,150,150,150,150,150,150,142,150
2015-01-03,10011,458,458,458,458,458,458,458,458,458,458,458,458,458,453,458
2015-01-03,10012,193,193,193,193,193,193,193,193,193,193,193,193,193,185,193
2015-01-03,10013,189,189,189,189,189,189,189,189,189,189,189,189,189,182,189
2015-01-03,10014,278,278,278,278,278,278,278,278,278,278,278,278,278,264,278
2015-01-03,10016,266,266,266,266,266,266,266,266,266,266,266,266,266,254,266
2015-01-03,10017,84,84,84,84,84,84,84,84,84,84,84,84,84,78,84
2015-01-03,10018,116,116,116,116,116,116,116,116,116,116,116,116,116,112,116
2015-01-03,10019,233,233,233,233,233,233,233,233,233,233,233,233,233,193,233
2015-01-03,10022,95,95,95,95,95,95,95,95,95,95,95,95,95,88,95
2015-01-03,10023,20,20,20,20,20,20,20,20,20,20,20,20,20,19,20
2015-01-03,10036,160,160,160,160,160,160,160,160,160,160,160,160,160,147,160
2015-01-03,10038,73,73,73,73,73,73,73,73,73,73,73,73,73,68,73
2015-01-03,10280,21,21,21,21,21,21,21,21,21,21,21,21,21,21,21
2015-01-03,10281,24,24,24,24,24,24,24,24,24,24,24,24,24,22,24
2015-01-03,10282,12,12,12,12,12,12,12,12,12,12,12,12,12,10,12
2015-01-03,11201,145,145,145,145,145,145,145,145,145,145,145,145,145,141,145
2015-01-03,11205,75,75,75,75,75,75,75,75,75,75,75,75,75,70,75
2015-01-03,11211,31,31,31,31,31,31,31,31,31,31,31,31,31,27,31
2015-01-03,11216,13,13,13,13,13,13,13,13,13,13,13,13,13,12,13
2015-01-03,11217,53,53,53,53,53,53,53,53,53,53,53,53,53,42,53
2015-01-03,11238,30,30,30,30,30,30,30,30,30,30,30,30,30,30,30
2015-01-03,11249,27,27,27,27,27,27,27,27,27,27,27,27,27,27,27
2015-01-03,11251,1,1,1,1,1,1,1,1,1,1,1,1,1,1,1
2015-01-04,0,7,7,7,7,7,7,7,7,7,7,7,7,7,7,7
2015-01-04,83,36,36,36,36,36,36,36,36,36,36,36,36,36,20,36
2015-01-04,10001,507,507,507,507,507,507,507,507,507,507,507,507,507,491,507
2015-01-04,10002,603,603,603,603,603,603,603,603,603,603,603,603,603,585,603
2015-01-04,10003,1050,1050,1050,1050,1050,1050,1050,1050,1050,1050,1050,1050,1050,1020,1050
2015-01-04,10004,33,33,33,33,33,33,33,33,33,33,33,33,33,28,33
2015-01-04,10005,61,61,61,61,61,61,61,61,61,61,61,61,61,48,61
2015-01-04,10007,156,156,156,156,156,156,156,156,156,156,156,156,156,144,156
2015-01-04,10009,512,512,512,512,512,512,512,512,512,512,512,512,512,500,512
2015-01-04,10010,285,285,285,285,285,285,285,285,285,285,285,285,285,272,285
2015-01-04,10011,918,918,918,918,918,918,918,918,918,918,918,918,918,889,918
2015-01-04,10012,407,407,407,407,407,407,407,407,407,407,407,407,407,383,407
2015-01-04,10013,335,335,335,335,335,335,335,335,335,335,335,335,335,321,335
2015-01-04,10014,494,494,494,494,494,494,494,494,494,494,494,494,494,474,494
2015-01-04,10016,462,462,462,462,462,462,462,462,462,462,462,462,462,454,462
2015-01-04,10017,138,138,138,138,138,138,138,138,138,138,138,138,138,126,138
2015-01-04,10018,154,154,154,154,154,154,154,154,154,154,154,154,154,148,154
2015-01-04,10019,372,372,372,372,372,372,372,372,372,372,372,372,372,333,372
2015-01-04,10022,142,142,142,142,142,142,142,142,142,142,142,142,142,131,142
2015-01-04,10023,62,62,62,62,62,62,62,62,62,62,62,62,62,54,62
2015-01-04,10036,253,253,253,253,253,253,253,253,253,253,253,253,253,241,253
2015-01-04,10038,118,118,118,118,118,118,118,118,118,118,118,118,118,115,118
2015-01-04,10280,45,45,45,45,45,45,45,45,45,45,45,45,45,39,45
2015-01-04,10281,40,40,40,40,40,40,40,40,40,40,40,40,40,37,40
2015-01-04,10282,35,35,35,35,35,35,35,35,35,35,35,35,35,31,35
2015-01-04,11201,283,283,283,283,283,283,283,283,283,283,283,283,283,260,283
2015-01-04,11205,104,104,104,104,104,104,104,104,104,104,104,104,104,97,104
2015-01-04,11211,51,51,51,51,51,51,51,51,51,51,51,51,51,42,51
2015-01-04,11216,16,16,16,16,16,16,16,16,16,16,16,16,16,16,16
2015-01-04,11217,93,93,93,93,93,93,93,93,93,93,93,93,93,82,93
2015-01-04,11238,44,44,44,44,44,44,44,44,44,44,44,44,44,44,44
2015-01-04,11249,26,26,26,26,26,26,26,26,26,26,26,26,26,22,26
2015-01-04,11251,7,7,7,7,7,7,7,7,7,7,7,7,7,4,7
2015-01-05,0,24,24,24,24,24,24,24,24,24,24,24,24,24,24,24
2015-01-05,83,22,22,22,22,22,22,22,22,22,22,22,22,22,10,22
2015-01-05,10001,1506,1506,1506,1506,1506,1506,1506,1506,1506,1506,1506,1506,1506,1484,1506
2015-01-05,10002,661,661,661,661,661,661,661,661,661,661,661,661,661,656,661
2015-01-05,10003,1396,1396,1396,1396,1396,1396,1396,1396,1396,1396,1396,1396,1396,1373,1396
2015-01-05,10004,137,137,137,137,137,137,137,137,137,137,137,137,137,131,137
2015-01-05,10005,225,225,225,225,225,225,225,225,225,225,225,225,225,222,225
2015-01-05,10007,387,387,387,387,387,387,387,387,387,387,387,387,387,378,387
2015-01-05,10009,610,610,610,610,610,610,610,610,610,610,610,610,610,608,610
2015-01-05,10010,560,560,560,560,560,560,560,560,560,560,560,560,560,556,560
2015-01-05,10011,1203,1203,1203,1203,1203,1203,1203,1203,1203,1203,1203,1203,1203,1195,1203
2015-01-05,10012,517,517,517,517,517,517,517,517,517,517,517,517,517,512,517
2015-01-05,10013,599,599,599,599,599,599,599,599,599,599,599,599,599,587,599
2015-01-05,10014,708,708,708,708,708,708,708,708,708,708,708,708,708,692,708
2015-01-05,10016,1207,1207,1207,1207,1207,1207,1207,1207,1207,1207,1207,1207,1207,1194,1207
2015-01-05,10017,875,875,875,875,875,875,875,875,875,875,875,875,875,867,875
2015-01-05,10018,634,634,634,634,634,634,634,634,634,634,634,634,634,622,634
2015-01-05,10019,901,901,901,901,901,901,901,901,901,901,901,901,901,865,901
2015-01-05,10022,428,428,428,428,428,428,428,428,428,428,428,428,428,425,428
2015-01-05,10023,76,76,76,76,76,76,76,76,76,76,76,76,76,72,76
2015-01-05,10036,593,593,593,593,593,593,593,593,593,593,593,593,593,584,593
2015-01-05,10038,210,210,210,210,210,210,210,210,210,210,210,210,210,209,210
2015-01-05,10280,51,51,51,51,51,51,51,51,51,51,51,51,51,49,51
2015-01-05,10281,51,51,51,51,51,51,51,51,51,51,51,51,51,50,51
2015-01-05,10282,100,100,100,100,100,100,100,100,100,100,100,100,100,100,100
2015-01-05,11201,406,406,406,406,406,406,406,406,406,406,406,406,406,396,406
2015-01-05,11205,149,149,149,149,149,149,149,149,149,149,149,149,149,143,149
2015-01-05,11211,35,35,35,35,35,35,35,35,35,35,35,35,35,27,35
2015-01-05,11216,21,21,21,21,21,21,21,21,21,21,21,21,21,20,21
2015-01-05,11217,121,121,121,121,121,121,121,121,121,121,121,121,121,120,121
2015-01-05,11238,50,50,50,50,50,50,50,50,50,50,50,50,50,50,50
2015-01-05,11249,26,26,26,26,26,26,26,26,26,26,26,26,26,24,26
2015-01-05,11251,17,17,17,17,17,17,17,17,17,17,17,17,17,12,17
2015-01-06,0,17,17,17,17,17,17,17,17,17,17,17,17,17,17,17
2015-01-06,83,3,3,3,3,3,3,3,3,3,3,3,3,3,3,3
2015-01-06,10001,972,972,972,972,972,972,972,972,972,972,972,972,972,969,972
2015-01-06,10002,482,482,482,482,482,482,482,482,482,482,482,482,482,482,482
2015-01-06,10003,748,748,748,748,748,748,748,748,748,748,748,748,748,744,748
2015-01-06,10004,55,55,55,55,55,55,55,55,55,55,55,55,55,55,55
2015-01-06,10005,134,134,134,134,134,134,134,134,134,134,134,134,134,134,134
2015-01-06,10007,229,229,229,229,229,229,229,229,229,229,229,229,229,227,229
2015-01-06,10009,399,399,399,399,399,399,399,399,399,399,399,399,399,397,399
2015-01-06,10010,332,332,332,332,332,332,332,332,332,332,332,332,332,331,332
2015-01-06,10011,672,672,672,672,672,672,672,672,672,672,672,672,672,671,672
2015-01-06,10012,272,272,272,272,272,272,272,272,272,272,272,272,272,270,272
2015-01-06,10013,304,304,304,304,304,304,304,304,304,304,304,304,304,303,304
2015-01-06,10014,383,383,383,383,383,383,383,383,383,383,383,383,383,383,383
2015-01-06,10016,687,687,687,687,687,687,687,687,687,687,687,687,687,687,687
2015-01-06,10017,585,585,585,585,585,585,585,585,585,585,585,585,585,585,585
2015-01-06,10018,448,448,448,448,448,448,448,448,448,448,448,448,448,448,448
2015-01-06,10019,563,563,563,563,563,563,563,563,563,563,563,563,563,562,563
2015-01-06,10022,266,266,266,266,266,266,266,266,266,266,266,266,266,265,266
2015-01-06,10023,41,41,41,41,41,41,41,41,41,41,41,41,41,41,41
2015-01-06,10036,413,413,413,413,413,413,413,413,413,413,413,413,413,412,413
2015-01-06,10038,97,97,97,97,97,97,97,97,97,97,97,97,97,97,97
2015-01-06,10280,45,45,45,45,45,45,45,45,45,45,45,45,45,45,45
2015-01-06,10281,36,36,36,36,36,36,36,36,36,36,36,36,36,36,36
2015-01-06,10282,60,60,60,60,60,60,60,60,60,60,60,60,60,60,60
2015-01-06,11201,237,237,237,237,237,237,237,237,237,237,237,237,237,237,237
2015-01-06,11205,120,120,120,120,120,120,120,120,120,120,120,120,120,120,120
2015-01-06,11211,21,21,21,21,21,21,21,21,21,21,21,21,21,21,21
2015-01-06,11216,6,6,6,6,6,6,6,6,6,6,6,6,6,6,6
2015-01-06,11217,56,56,56,56,56,56,56,56,56,56,56,56,56,56,56
2015-01-06,11238,33,33,33,33,33,33,33,33,33,33,33,33,33,33,33
2015-01-06,11249,15,15,15,15,15,15,15,15,15,15,15,15,15,15,15
2015-01-06,11251,8,8,8,8,8,8,8,8,8,8,8,8,8,8,8
2015-01-07,0,18,18,18,18,18,18,18,18,18,18,18,18,18,18,18
2015-01-07,83,6,6,6,6,6,6,6,6,6,6,6,6,6,6,6
2015-01-07,10001,833,833,833,833,833,833,833,833,833,833,833,833,833,831,833
2015-01-07,10002,528,528,528,528,528,528,528,528,528,528,528,528,528,526,528
2015-01-07,10003,989,989,989,989,989,989,989,989,989,989,989,989,989,983,989
2015-01-07,10004,84,84,84,84,84,84,84,84,84,84,84,84,84,83,84
2015-01-07,10005,146,146,146,146,146,146,146,146,146,146,146,146,146,146,146
2015-01-07,10007,258,258,258,258,258,258,258,258,258,258,258,258,258,255,258
2015-01-07,10009,473,473,473,473,473,473,473,473,473,473,473,473,473,472,473
2015-01-07,10010,400,400,400,400,400,400,400,400,400,400,400,400,400,400,400
2015-01-07,10011,733,733,733,733,733,733,733,733,733,733,733,733,733,730,733
2015-01-07,10012,320,320,320,320,320,320,320,320,320,320,320,320,320,319,320
2015-01-07,10013,356,356,356,356,356,356,356,356,356,356,356,356,356,354,356
2015-01-07,10014,410,410,410,410,410,410,410,410,410,410,410,410,410,408,410
2015-01-07,10016,834,834,834,834,834,834,834,834,834,834,834,834,834,832,834
2015-01-07,10017,620,620,620,620,620,620,620,620,620,620,620,620,620,620,620
2015-01-07,10018,465,465,465,465,465,465,465,465,465,465,465,465,465,464,465
2015-01-07,10019,586,586,586,586,586,586,586,586,586,586,586,586,586,584,586
2015-01-07,10022,300,300,300,300,300,300,300,300,300,300,300,300,300,299,300
2015-01-07,10023,32,32,32,32,32,32,32,32,32,32,32,32,32,32,32
2015-01-07,10036,437,437,437,437,437,437,437,437,437,437,437,437,437,437,437
2015-01-07,10038,145,145,145,145,145,145,145,145,145,145,145,145,145,145,145
2015-01-07,10280,35,35,35,35,35,35,35,35,35,35,35,35,35,35,35
2015-01-07,10281,32,32,32,32,32,32,32,32,32,32,32,32,32,32,32
2015-01-07,10282,70,70,70,70,70,70,70,70,70,70,70,70,70,70,70
2015-01-07,11201,252,252,252,252,252,252,252,252,252,252,252,252,252,250,252
2015-01-07,11205,136,136,136,136,136,136,136,136,136,136,136,136,136,134,136
2015-01-07,11211,23,23,23,23,23,23,23,23,23,23,23,23,23,23,23
2015-01-07,11216,9,9,9,9,9,9,9,9,9,9,9,9,9,9,9
2015-01-07,11217,55,55,55,55,55,55,55,55,55,55,55,55,55,55,55
2015-01-07,11238,28,28,28,28,28,28,28,28,28,28,28,28,28,28,28
2015-01-07,11249,26,26,26,26,26,26,26,26,26,26,26,26,26,26,26
2015-01-07,11251,7,7,7,7,7,7,7,7,7,7,7,7,7,7,7
2015-01-08,0,11,11,11,11,11,11,11,11,11,11,11,11,11,11,11
2015-01-08,83,2,2,2,2,2,2,2,2,2,2,2,2,2,2,2
2015-01-08,10001,921,921,921,921,921,921,921,921,921,921,921,921,921,914,921
2015-01-08,10002,468,468,468,468,468,468,468,468,468,468,468,468,468,466,468
2015-01-08,10003,854,854,854,854,854,854,854,854,854,854,854,854,854,842,854
2015-01-08,10004,63,63,63,63,63,63,63,63,63,63,63,63,63,63,63
2015-01-08,10005,125,125,125,125,125,125,125,125,125,125,125,125,125,125,125
2015-01-08,10007,209,209,209,209,209,209,209,209,209,209,209,209,209,206,209
2015-01-08,10009,442,442,442,442,442,442,442,442,442,442,442,442,442,441,442
2015-01-08,10010,331,331,331,331,331,331,331,331,331,331,331,331,331,331,331
2015-01-08,10011,660,660,660,660,660,660,660,660,660,660,660,660,660,659,660
2015-01-08,10012,276,276,276,276,276,276,276,276,276,276,276,276,276,276,276
2015-01-08,10013,344,344,344,344,344,344,344,344,344,344,344,344,344,341,344
2015-01-08,10014,374,374,374,374,374,374,374,374,374,374,374,374,374,373,374
2015-01-08,10016,771,771,771,771,771,771,771,771,771,771,771,771,771,770,771
2015-01-08,10017,558,558,558,558,558,558,558,558,558,558,558,558,558,558,558
2015-01-08,10018,432,432,432,432,432,432,432,432,432,432,432,432,432,431,432
2015-01-08,10019,552,552,552,552,552,552,552,552,552,552,552,552,552,546,552
2015-01-08,10022,243,243,243,243,243,243,243,243,243,243,243,243,243,242,243
2015-01-08,10023,41,41,41,41,41,41,41,41,41,41,41,41,41,40,41
2015-01-08,10036,420,420,420,420,420,420,420,420,420,420,420,420,420,418,420
2015-01-08,10038,109,109,109,109,109,109,109,109,109,109,109,109,109,107,109
2015-01-08,10280,36,36,36,36,36,36,36,36,36,36,36,36,36,35,36
2015-01-08,10281,28,28,28,28,28,28,28,28,28,28,28,28,28,28,28
2015-01-08,10282,43,43,43,43,43,43,43,43,43,43,43,43,43,43,43
2015-01-08,11201,248,248,248,248,248,248,248,248,248,248,248,248,248,248,248
2015-01-08,11205,103,103,103,103,103,103,103,103,103,103,103,103,103,103,103
2015-01-08,11211,19,19,19,19,19,19,19,19,19,19,19,19,19,18,19
2015-01-08,11216,5,5,5,5,5,5,5,5,5,5,5,5,5,5,5
2015-01-08,11217,55,55,55,55,55,55,55,55,55,55,55,55,55,55,55
2015-01-08,11238,22,22,22,22,22,22,22,22,22,22,22,22,22,22,22
2015-01-08,11249,8,8,8,8,8,8,8,8,8,8,8,8,8,8,8
2015-01-08,11251,6,6,6,6,6,6,6,6,6,6,6,6,6,6,6
2015-01-09,0,6,6,6,6,6,6,6,6,6,6,6,6,6,6,6
2015-01-09,83,15,15,15,15,15,15,15,15,15,15,15,15,15,15,15
2015-01-09,10001,735,735,735,735,735,735,735,735,735,735,735,735,735,729,735
2015-01-09,10002,445,445,445,445,445,445,445,445,445,445,445,445,445,444,445
2015-01-09,10003,840,840,840,840,840,840,840,840,840,840,840,840,840,832,840
2015-01-09,10004,61,61,61,61,61,61,61,61,61,61,61,61,61,61,61
2015-01-09,10005,104,104,104,104,104,104,104,104,104,104,104,104,104,104,104
2015-01-09,10007,190,190,190,190,190,190,190,190,190,190,190,190,190,189,190
2015-01-09,10009,457,457,457,457,457,457,457,457,457,457,457,457,457,453,457
2015-01-09,10010,325,325,325,325,325,325,325,325,325,325,325,325,325,323,325
2015-01-09,10011,614,614,614,614,614,614,614,614,614,614,614,614,614,610,614
2015-01-09,10012,284,284,284,284,284,284,284,284,284,284,284,284,284,281,284
2015-01-09,10013,305,305,305,305,305,305,305,305,305,305,305,305,305,302,305
2015-01-09,10014,390,390,390,390,390,390,390,390,390,390,390,390,390,389,390
2015-01-09,10016,636,636,636,636,636,636,636,636,636,636,636,636,636,636,636
2015-01-09,10017,465,465,465,465,465,465,465,465,465,465,465,465,465,465,465
2015-01-09,10018,373,373,373,373,373,373,373,373,373,373,373,373,373,373,373
2015-01-09,10019,430,430,430,430,430,430,430,430,430,430,430,430,430,429,430
2015-01-09,10022,214,214,214,214,214,214,214,214,214,214,214,214,214,214,214
2015-01-09,10023,33,33,33,33,33,33,33,33,33,33,33,33,33,33,33
2015-01-09,10036,400,400,400,400,400,400,400,400,400,400,400,400,400,398,400
2015-01-09,10038,112,112,112,112,112,112,112,112,112,112,112,112,112,112,112
2015-01-09,10280,25,25,25,25,25,25,25,25,25,25,25,25,25,25,25
2015-01-09,10281,33,33,33,33,33,33,33,33,33,33,33,33,33,33,33
2015-01-09,10282,40,40,40,40,40,40,40,40,40,40,40,40,40,40,40
2015-01-09,11201,215,215,215,215,215,215,215,215,215,215,215,215,215,214,215
2015-01-09,11205,86,86,86,86,86,86,86,86,86,86,86,86,86,85,86
2015-01-09,11211,16,16,16,16,16,16,16,16,16,16,16,16,16,16,16
2015-01-09,11216,3,3,3,3,3,3,3,3,3,3,3,3,3,3,3
2015-01-09,11217,39,39,39,39,39,39,39,39,39,39,39,39,39,39,39
2015-01-09,11238,21,21,21,21,21,21,21,21,21,21,21,21,21,21,21
2015-01-09,11249,13,13,13,13,13,13,13,13,13,13,13,13,13,13,13
2015-01-09,11251,5,5,5,5,5,5,5,5,5,5,5,5,5,5,5
2015-01-10,0,4,4,4,4,4,4,4,4,4,4,4,4,4,4,4
2015-01-10,83,7,7,7,7,7,7,7,7,7,7,7,7,7,5,7
2015-01-10,10001,401,401,401,401,401,401,401,401,401,401,401,401,401,394,401
2015-01-10,10002,510,510,510,510,510,510,510,510,510,510,510,510,510,503,510
2015-01-10,10003,833,833,833,833,833,833,833,833,833,833,833,833,833,831,833
2015-01-10,10004,17,17,17,17,17,17,17,17,17,17,17,17,17,17,17
2015-01-10,10005,36,36,36,36,36,36,36,36,36,36,36,36,36,36,36
2015-01-10,10007,91,91,91,91,91,91,91,91,91,91,91,91,91,85,91
2015-01-10,10009,492,492,492,492,492,492,492,492,492,492,492,492,492,490,492
2015-01-10,10010,247,247,247,247,247,247,247,247,247,247,247,247,247,244,247
2015-01-10,10011,690,690,690,690,690,690,690,690,690,690,690,690,690,684,690
2015-01-10,10012,315,315,315,315,315,315,315,315,315,315,315,315,315,311,315
2015-01-10,10013,198,198,198,198,198,198,198,198,198,198,198,198,198,195,198
2015-01-10,10014,410,410,410,410,410,410,410,410,410,410,410,410,410,401,410
2015-01-10,10016,351,351,351,351,351,351,351,351,351,351,351,351,351,351,351
2015-01-10,10017,118,118,118,118,118,118,118,118,118,118,118,118,118,113,118
2015-01-10,10018,179,179,179,179,179,179,179,179,179,179,179,179,179,177,179
2015-01-10,10019,298,298,298,298,298,298,298,298,298,298,298,298,298,294,298
2015-01-10,10022,101,101,101,101,101,101,101,101,101,101,101,101,101,100,101
2015-01-10,10023,36,36,36,36,36,36,36,36,36,36,36,36,36,36,36
2015-01-10,10036,211,211,211,211,211,211,211,211,211,211,211,211,211,206,211
2015-01-10,10038,73,73,73,73,73,73,73,73,73,73,73,73,73,70,73
2015-01-10,10280,37,37,37,37,37,37,37,37,37,37,37,37,37,37,37
2015-01-10,10281,17,17,17,17,17,17,17,17,17,17,17,17,17,17,17
2015-01-10,10282,26,26,26,26,26,26,26,26,26,26,26,26,26,26,26
2015-01-10,11201,175,175,175,175,175,175,175,175,175,175,175,175,175,173,175
2015-01-10,11205,84,84,84,84,84,84,84,84,84,84,84,84,84,83,84
2015-01-10,11211,30,30,30,30,30,30,30,30,30,30,30,30,30,29,30
2015-01-10,11216,10,10,10,10,10,10,10,10,10,10,10,10,10,10,10
2015-01-10,11217,43,43,43,43,43,43,43,43,43,43,43,43,43,43,43
2015-01-10,11238,34,34,34,34,34,34,34,34,34,34,34,34,34,34,34
2015-01-10,11249,32,32,32,32,32,32,32,32,32,32,32,32,32,32,32
2015-01-10,11251,3,3,3,3,3,3,3,3,3,3,3,3,3,3,3
2015-01-11,0,8,8,8,8,8,8,8,8,8,8,8,8,8,8,8
2015-01-11,83,12,12,12,12,12,12,12,12,12,12,12,12,12,8,12
2015-01-11,10001,479,479,479,479,479,479,479,479,479,479,479,479,479,463,479
2015-01-11,10002,620,620,620,620,620,620,620,620,620,620,620,620,620,616,620
2015-01-11,10003,1051,1051,1051,1051,1051,1051,1051,1051,1051,1051,1051,1051,1051,1042,1051
2015-01-11,10004,31,31,31,31,31,31,31,31,31,31,31,31,31,25,31
2015-01-11,10005,53,53,53,53,53,53,53,53,53,53,53,53,53,53,53
2015-01-11,10007,146,146,146,146,146,146,146,146,146,146,146,146,146,143,146
2015-01-11,10009,550,550,550,550,550,550,550,550,550,550,550,550,550,547,550
2015-01-11,10010,258,258,258,258,258,258,258,258,258,258,258,258,258,252,258
2015-01-11,10011,826,826,826,826,826,826,826,826,826,826,826,826,826,812,826
2015-01-11,10012,360,360,360,360,360,360,360,360,360,360,360,360,360,354,360
2015-01-11,10013,333,333,333,333,333,333,333,333,333,333,333,333,333,316,333
2015-01-11,10014,510,510,510,510,510,510,510,510,510,510,510,510,510,500,510
2015-01-11,10016,428,428,428,428,428,428,428,428,428,428,428,428,428,420,428
2015-01-11,10017,131,131,131,131,131,131,131,131,131,131,131,131,131,125,131
2015-01-11,10018,186,186,186,186,186,186,186,186,186,186,186,186,186,177,186
2015-01-11,10019,341,341,341,341,341,341,341,341,341,341,341,341,341,323,341
2015-01-11,10022,115,115,115,115,115,115,115,115,115,115,115,115,115,112,115
2015-01-11,10023,31,31,31,31,31,31,31,31,31,31,31,31,31,31,31
2015-01-11,10036,245,245,245,245,245,245,245,245,245,245,245,245,245,235,245
2015-01-11,10038,107,107,107,107,107,107,107,107,107,107,107,107,107,105,107
2015-01-11,10280,45,45,45,45,45,45,45,45,45,45,45,45,45,43,45
2015-01-11,10281,38,38,38,38,38,38,38,38,38,38,38,38,38,36,38
2015-01-11,10282,24,24,24,24,24,24,24,24,24,24,24,24,24,22,24
2015-01-11,11201,251,251,251,251,251,251,251,251,251,251,251,251,251,246,251
2015-01-11,11205,117,117,117,117,117,117,117,117,117,117,117,117,117,116,117
2015-01-11,11211,23,23,23,23,23,23,23,23,23,23,23,23,23,20,23
2015-01-11,11216,15,15,15,15,15,15,15,15,15,15,15,15,15,15,15
2015-01-11,11217,58,58,58,58,58,58,58,58,58,58,58,58,58,58,58
2015-01-11,11238,37,37,37,37,37,37,37,37,37,37,37,37,37,37,37
2015-01-11,11249,32,32,32,32,32,32,32,32,32,32,32,32,32,31,32
2015-01-11,11251,6,6,6,6,6,6,6,6,6,6,6,6,6,6,6
2015-01-12,0,20,20,20,20,20,20,20,20,20,20,20,20,20,19,20
2015-01-12,83,4,4,4,4,4,4,4,4,4,4,4,4,4,4,4
2015-01-12,10001,802,802,802,802,802,802,802,802,802,802,802,802,802,798,802
2015-01-12,10002,491,491,491,491,491,491,491,491,491,491,491,491,491,489,491
2015-01-12,10003,899,899,899,899,899,899,899,899,899,899,899,899,899,897,899
2015-01-12,10004,80,80,80,80,80,80,80,80,80,80,80,80,80,78,80
2015-01-12,10005,133,133,133,133,133,133,133,133,133,133,133,133,133,133,133
2015-01-12,10007,205,205,205,205,205,205,205,205,205,205,205,205,205,205,205
2015-01-12,10009,462,462,462,462,462,462,462,462,462,462,462,462,462,462,462
2015-01-12,10010,353,353,353,353,353,353,353,353,353,353,353,353,353,350,353
2015-01-12,10011,669,669,669,669,669,669,669,669,669,669,669,669,669,663,669
2015-01-12,10012,293,293,293,293,293,293,293,293,293,293,293,293,293,293,293
2015-01-12,10013,350,350,350,350,350,350,350,350,350,350,350,350,350,343,350
2015-01-12,10014,410,410,410,410,410,410,410,410,410,410,410,410,410,408,410
2015-01-12,10016,716,716,716,716,716,716,716,716,716,716,716,716,716,711,716
2015-01-12,10017,487,487,487,487,487,487,487,487,487,487,487,487,487,486,487
2015-01-12,10018,343,343,343,343,343,343,343,343,343,343,343,343,343,340,343
2015-01-12,10019,481,481,481,481,481,481,481,481,481,481,481,481,481,475,481
2015-01-12,10022,227,227,227,227,227,227,227,227,227,227,227,227,227,227,227
2015-01-12,10023,40,40,40,40,40,40,40,40,40,40,40,40,40,39,40
2015-01-12,10036,392,392,392,392,392,392,392,392,392,392,392,392,392,387,392
2015-01-12,10038,114,114,114,114,114,114,114,114,114,114,114,114,114,112,114
2015-01-12,10280,27,27,27,27,27,27,27,27,27,27,27,27,27,27,27
2015-01-12,10281,39,39,39,39,39,39,39,39,39,39,39,39,39,37,39
2015-01-12,10282,61,61,61,61,61,61,61,61,61,61,61,61,61,61,61
2015-01-12,11201,279,279,279,279,279,279,279,279,279,279,279,279,279,278,279
2015-01-12,11205,102,102,102,102,102,102,102,102,102,102,102,102,102,102,102
2015-01-12,11211,20,20,20,20,20,20,20,20,20,20,20,20,20,20,20
2015-01-12,11216,10,10,10,10,10,10,10,10,10,10,10,10,10,10,10
2015-01-12,11217,63,63,63,63,63,63,63,63,63,63,63,63,63,63,63
2015-01-12,11238,40,40,40,40,40,40,40,40,40,40,40,40,40,40,40
2015-01-12,11249,26,26,26,26,26,26,26,26,26,26,26,26,26,26,26
2015-01-12,11251,7,7,7,7,7,7,7,7,7,7,7,7,7,7,7
2015-01-13,0,17,17,17,17,17,17,17,17,17,17,17,17,17,17,17
2015-01-13,83,11,11,11,11,11,11,11,11,11,11,11,11,11,11,11
2015-01-13,10001,1232,1232,1232,1232,1232,1232,1232,1232,1232,1232,1232,1232,1232,1219,1232
2015-01-13,10002,742,742,742,742,742,742,742,742,742,742,742,742,742,740,742
2015-01-13,10003,1344,1344,1344,1344,1344,1344,1344,1344,1344,1344,1344,1344,1344,1334,1344
2015-01-13,10004,106,106,106,106,106,106,106,106,106,106,106,106,106,106,106
2015-01-13,10005,177,177,177,177,177,177,177,177,177,177,177,177,177,175,177
2015-01-13,10007,319,319,319,319,319,319,319,319,319,319,319,319,319,319,319
2015-01-13,10009,676,676,676,676,676,676,676,676,676,676,676,676,676,676,676
2015-01-13,10010,466,466,466,466,466,466,466,466,466,466,466,466,466,463,466
2015-01-13,10011,986,986,986,986,986,986,986,986,986,986,986,986,986,981,986
2015-01-13,10012,450,450,450,450,450,450,450,450,450,450,450,450,450,448,450
2015-01-13,10013,516,516,516,516,516,516,516,516,516,516,516,516,516,513,516
2015-01-13,10014,635,635,635,635,635,635,635,635,635,635,635,635,635,631,635
2015-01-13,10016,1024,1024,1024,1024,1024,1024,1024,1024,1024,1024,1024,1024,1024,1021,1024
2015-01-13,10017,803,803,803,803,803,803,803,803,803,803,803,803,803,800,803
2015-01-13,10018,536,536,536,536,536,536,536,536,536,536,536,536,536,533,536
2015-01-13,10019,712,712,712,712,712,712,712,712,712,712,712,712,712,706,712
2015-01-13,10022,375,375,375,375,375,375,375,375,375,375,375,375,375,373,375
2015-01-13,10023,48,48,48,48,48,48,48,48,48,48,48,48,48,47,48
2015-01-13,10036,517,517,517,517,517,517,517,517,517,517,517,517,517,514,517
2015-01-13,10038,148,148,148,148,148,148,148,148,148,148,148,148,148,147,148
2015-01-13,10280,52,52,52,52,52,52,52,52,52,52,52,52,52,52,52
2015-01-13,10281,49,49,49,49,49,49,49,49,49,49,49,49,49,49,49
2015-01-13,10282,90,90,90,90,90,90,90,90,90,90,90,90,90,90,90
2015-01-13,11201,378,378,378,378,378,378,378,378,378,378,378,378,378,375,378
2015-01-13,11205,146,146,146,146,146,146,146,146,146,146,146,146,146,145,146
2015-01-13,11211,30,30,30,30,30,30,30,30,30,30,30,30,30,30,30
2015-01-13,11216,21,21,21,21,21,21,21,21,21,21,21,21,21,21,21
2015-01-13,11217,90,90,90,90,90,90,90,90,90,90,90,90,90,90,90
2015-01-13,11238,56,56,56,56,56,56,56,56,56,56,56,56,56,56,56
2015-01-13,11249,38,38,38,38,38,38,38,38,38,38,38,38,38,38,38
2015-01-13,11251,7,7,7,7,7,7,7,7,7,7,7,7,7,7,7
2015-01-14,0,28,28,28,28,28,28,28,28,28,28,28,28,28,26,28
2015-01-14,83,8,8,8,8,8,8,8,8,8,8,8,8,8,6,8
2015-01-14,10001,1251,1251,1251,1251,1251,1251,1251,1251,1251,1251,1251,1251,1251,1244,1251
2015-01-14,10002,637,637,637,637,637,637,637,637,637,637,637,637,637,631,637
2015-01-14,10003,1305,1305,1305,1305,1305,1305,1305,1305,1305,1305,1305,1305,1305,1294,1305
2015-01-14,10004,99,99,99,99,99,99,99,99,99,99,99,99,99,98,99
2015-01-14,10005,161,161,161,161,161,161,161,161,161,161,161,161,161,159,161
2015-01-14,10007,327,327,327,327,327,327,327,327,327,327,327,327,327,318,327
2015-01-14,10009,661,661,661,661,661,661,661,661,661,661,661,661,661,660,661
2015-01-14,10010,529,529,529,529,529,529,529,529,529,529,529,529,529,524,529
2015-01-14,10011,1096,1096,1096,1096,1096,1096,1096,1096,1096,1096,1096,1096,1096,1089,1096
2015-01-14,10012,471,471,471,471,471,471,471,471,471,471,471,471,471,466,471
2015-01-14,10013,550,550,550,550,550,550,550,550,550,550,550,550,550,536,550
2015-01-14,10014,658,658,658,658,658,658,658,658,658,658,658,658,658,655,658
2015-01-14,10016,993,993,993,993,993,993,993,993,993,993,993,993,993,990,993
2015-01-14,10017,810,810,810,810,810,810,810,810,810,810,810,810,810,806,810
2015-01-14,10018,602,602,602,602,602,602,602,602,602,602,602,602,602,601,602
2015-01-14,10019,809,809,809,809,809,809,809,809,809,809,809,809,809,801,809
2015-01-14,10022,394,394,394,394,394,394,394,394,394,394,394,394,394,385,394
2015-01-14,10023,60,60,60,60,60,60,60,60,60,60,60,60,60,59,60
2015-01-14,10036,519,519,519,519,519,519,519,519,519,519,519,519,519,516,519
2015-01-14,10038,179,179,179,179,179,179,179,179,179,179,179,179,179,176,179
2015-01-14,10280,54,54,54,54,54,54,54,54,54,54,54,54,54,54,54
2015-01-14,10281,52,52,52,52,52,52,52,52,52,52,52,52,52,48,52
2015-01-14,10282,67,67,67,67,67,67,67,67,67,67,67,67,67,67,67
2015-01-14,11201,369,369,369,369,369,369,369,369,369,369,369,369,369,369,369
2015-01-14,11205,152,152,152,152,152,152,152,152,152,152,152,152,152,151,152
2015-01-14,11211,37,37,37,37,37,37,37,37,37,37,37,37,37,36,37
2015-01-14,11216,13,13,13,13,13,13,13,13,13,13,13,13,13,13,13
2015-01-14,11217,103,103,103,103,103,103,103,103,103,103,103,103,103,103,103
2015-01-14,11238,49,49,49,49,49,49,49,49,49,49,49,49,49,49,49
2015-01-14,11249,34,34,34,34,34,34,34,34,34,34,34,34,34,33,34
2015-01-14,11251,9,9,9,9,9,9,9,9,9,9,9,9,9,8,9
2015-01-15,0,31,31,31,31,31,31,31,31,31,31,31,31,31,25,31
2015-01-15,83,7,7,7,7,7,7,7,7,7,7,7,7,7,5,7
2015-01-15,10001,1330,1330,1330,1330,1330,1330,1330,1330,1330,1330,1330,1330,1330,1318,1330
2015-01-15,10002,752,752,752,752,752,752,752,752,752,752,752,752,752,742,752
2015-01-15,10003,1362,1362,1362,1362,1362,1362,1362,1362,1362,1362,1362,1362,1362,1348,1362
2015-01-15,10004,120,120,120,120,120,120,120,120,120,120,120,120,120,115,120
2015-01-15,10005,200,200,200,200,200,200,200,200,200,200,200,200,200,193,200
2015-01-15,10007,339,339,339,339,339,339,339,339,339,339,339,339,339,332,339
2015-01-15,10009,731,731,731,731,731,731,731,731,731,731,731,731,731,726,731
2015-01-15,10010,554,554,554,554,554,554,554,554,554,554,554,554,554,552,554
2015-01-15,10011,1050,1050,1050,1050,1050,1050,1050,1050,1050,1050,1050,1050,1050,1041,1050
2015-01-15,10012,473,473,473,473,473,473,473,473,473,473,473,473,473,466,473
2015-01-15,10013,580,580,580,580,580,580,580,580,580,580,580,580,580,574,580
2015-01-15,10014,723,723,723,723,723,723,723,723,723,723,723,723,723,715,723
2015-01-15,10016,1096,1096,1096,1096,1096,1096,1096,1096,1096,1096,1096,1096,1096,1082,1096
2015-01-15,10017,830,830,830,830,830,830,830,830,830,830,830,830,830,827,830
2015-01-15,10018,627,627,627,627,627,627,627,627,627,627,627,627,627,620,627
2015-01-15,10019,885,885,885,885,885,885,885,885,885,885,885,885,885,869,885
2015-01-15,10022,440,440,440,440,440,440,440,440,440,440,440,440,440,434,440
2015-01-15,10023,68,68,68,68,68,68,68,68,68,68,68,68,68,66,68
2015-01-15,10036,625,625,625,625,625,625,625,625,625,625,625,625,625,620,625
2015-01-15,10038,198,198,198,198,198,198,198,198,198,198,198,198,198,195,198
2015-01-15,10280,63,63,63,63,63,63,63,63,63,63,63,63,63,57,63
2015-01-15,10281,44,44,44,44,44,44,44,44,44,44,44,44,44,43,44
2015-01-15,10282,86,86,86,86,86,86,86,86,86,86,86,86,86,84,86
2015-01-15,11201,420,420,420,420,420,420,420,420,420,420,420,420,420,413,420
2015-01-15,11205,157,157,157,157,157,157,157,157,157,157,157,157,157,154,157
2015-01-15,11211,41,41,41,41,41,41,41,41,41,41,41,41,41,41,41
2015-01-15,11216,15,15,15,15,15,15,15,15,15,15,15,15,15,15,15
2015-01-15,11217,107,107,107,107,107,107,107,107,107,107,107,107,107,105,107
2015-01-15,11238,51,51,51,51,51,51,51,51,51,51,51,51,51,51,51
2015-01-15,11249,54,54,54,54,54,54,54,54,54,54,54,54,54,51,54
2015-01-15,11251,16,16,16,16,16,16,16,16,16,16,16,16,16,16,16
2015-01-16,0,19,19,19,19,19,19,19,19,19,19,19,19,19,13,19
2015-01-16,83,24,24,24,24,24,24,24,24,24,24,24,24,24,10,24
2015-01-16,10001,1305,1305,1305,1305,1305,1305,1305,1305,1305,1305,1305,1305,1305,1286,1305
2015-01-16,10002,740,740,740,740,740,740,740,740,740,740,740,740,740,733,740
2015-01-16,10003,1411,1411,1411,1411,1411,1411,1411,1411,1411,1411,1411,1411,1411,1394,1411
2015-01-16,10004,99,99,99,99,99,99,99,99,99,99,99,99,99,96,99
2015-01-16,10005,195,195,195,195,195,195,195,195,195,195,195,195,195,186,195
2015-01-16,10007,302,302,302,302,302,302,302,302,302,302,302,302,302,296,302
2015-01-16,10009,727,727,727,727,727,727,727,727,727,727,727,727,727,721,727
2015-01-16,10010,522,522,522,522,522,522,522,522,522,522,522,522,522,515,522
2015-01-16,10011,1031,1031,1031,1031,1031,1031,1031,1031,1031,1031,1031,1031,1031,1020,1031
2015-01-16,10012,484,484,484,484,484,484,484,484,484,484,484,484,484,473,484
2015-01-16,10013,518,518,518,518,518,518,518,518,518,518,518,518,518,509,518
2015-01-16,10014,646,646,646,646,646,646,646,646,646,646,646,646,646,634,646
2015-01-16,10016,1122,1122,1122,1122,1122,1122,1122,1122,1122,1122,1122,1122,1122,1104,1122
2015-01-16,10017,875,875,875,875,875,875,875,875,875,875,875,875,875,866,875
2015-01-16,10018,602,602,602,602,602,602,602,602,602,602,602,602,602,590,602
2015-01-16,10019,897,897,897,897,897,897,897,897,897,897,897,897,897,880,897
2015-01-16,10022,408,408,408,408,408,408,408,408,408,408,408,408,408,406,408
2015-01-16,10023,56,56,56,56,56,56,56,56,56,56,56,56,56,52,56
2015-01-16,10036,637,637,637,637,637,637,637,637,637,637,637,637,637,633,637
2015-01-16,10038,209,209,209,209,209,209,209,209,209,209,209,209,209,201,209
2015-01-16,10280,53,53,53,53,53,53,53,53,53,53,53,53,53,51,53
2015-01-16,10281,41,41,41,41,41,41,41,41,41,41,41,41,41,41,41
2015-01-16,10282,82,82,82,82,82,82,82,82,82,82,82,82,82,82,82
2015-01-16,11201,409,409,409,409,409,409,409,409,409,409,409,409,409,401,409
2015-01-16,11205,174,174,174,174,174,174,174,174,174,174,174,174,174,172,174
2015-01-16,11211,44,44,44,44,44,44,44,44,44,44,44,44,44,38,44
2015-01-16,11216,13,13,13,13,13,13,13,13,13,13,13,13,13,13,13
2015-01-16,11217,100,100,100,100,100,100,100,100,100,100,100,100,100,100,100
2015-01-16,11238,54,54,54,54,54,54,54,54,54,54,54,54,54,54,54
2015-01-16,11249,36,36,36,36,36,36,36,36,36,36,36,36,36,36,36
2015-01-16,11251,8,8,8,8,8,8,8,8,8,8,8,8,8,8,8
2015-01-17,0,5,5,5,5,5,5,5,5,5,5,5,5,5,5,5
2015-01-17,83,34,34,34,34,34,34,34,34,34,34,34,34,34,11,34
2015-01-17,10001,461,461,461,461,461,461,461,461,461,461,461,461,461,442,461
2015-01-17,10002,629,629,629,629,629,629,629,629,629,629,629,629,629,623,629
2015-01-17,10003,1029,1029,1029,1029,1029,1029,1029,1029,1029,1029,1029,1029,1029,995,1029
2015-01-17,10004,24,24,24,24,24,24,24,24,24,24,24,24,24,16,24
2015-01-17,10005,44,44,44,44,44,44,44,44,44,44,44,44,44,43,44
2015-01-17,10007,114,114,114,114,114,114,114,114,114,114,114,114,114,101,114
2015-01-17,10009,564,564,564,564,564,564,564,564,564,564,564,564,564,554,564
2015-01-17,10010,248,248,248,248,248,248,248,248,248,248,248,248,248,242,248
2015-01-17,10011,814,814,814,814,814,814,814,814,814,814,814,814,814,795,814
2015-01-17,10012,337,337,337,337,337,337,337,337,337,337,337,337,337,321,337
2015-01-17,10013,308,308,308,308,308,308,308,308,308,308,308,308,308,297,308
2015-01-17,10014,494,494,494,494,494,494,494,494,494,494,494,494,494,481,494
2015-01-17,10016,479,479,479,479,479,479,479,479,479,479,479,479,479,472,479
2015-01-17,10017,132,132,132,132,132,132,132,132,132,132,132,132,132,130,132
2015-01-17,10018,186,186,186,186,186,186,186,186,186,186,186,186,186,173,186
2015-01-17,10019,347,347,347,347,347,347,347,347,347,347,347,347,347,314,347
2015-01-17,10022,142,142,142,142,142,142,142,142,142,142,142,142,142,130,142
2015-01-17,10023,61,61,61,61,61,61,61,61,61,61,61,61,61,52,61
2015-01-17,10036,270,270,270,270,270,270,270,270,270,270,270,270,270,252,270
2015-01-17,10038,109,109,109,109,109,109,109,109,109,109,109,109,109,99,109
2015-01-17,10280,47,47,47,47,47,47,47,47,47,47,47,47,47,45,47
2015-01-17,10281,26,26,26,26,26,26,26,26,26,26,26,26,26,26,26
2015-01-17,10282,29,29,29,29,29,29,29,29,29,29,29,29,29,27,29
2015-01-17,11201,233,233,233,233,233,233,233,233,233,233,233,233,233,218,233
2015-01-17,11205,116,116,116,116,116,116,116,116,116,116,116,116,116,116,116
2015-01-17,11211,39,39,39,39,39,39,39,39,39,39,39,39,39,31,39
2015-01-17,11216,15,15,15,15,15,15,15,15,15,15,15,15,15,15,15
2015-01-17,11217,70,70,70,70,70,70,70,70,70,70,70,70,70,67,70
2015-01-17,11238,49,49,49,49,49,49,49,49,49,49,49,49,49,49,49
2015-01-17,11249,36,36,36,36,36,36,36,36,36,36,36,36,36,32,36
2015-01-18,83,1,1,1,1,1,1,1,1,1,1,1,1,1,0,1
2015-01-18,10001,135,135,135,135,135,135,135,135,135,135,135,135,135,134,135
2015-01-18,10002,181,181,181,181,181,181,181,181,181,181,181,181,181,179,181
2015-01-18,10003,238,238,238,238,238,238,238,238,238,238,238,238,238,230,238
2015-01-18,10004,7,7,7,7,7,7,7,7,7,7,7,7,7,7,7
2015-01-18,10005,13,13,13,13,13,13,13,13,13,13,13,13,13,13,13
2015-01-18,10007,29,29,29,29,29,29,29,29,29,29,29,29,29,29,29
2015-01-18,10009,146,146,146,146,146,146,146,146,146,146,146,146,146,144,146
2015-01-18,10010,79,79,79,79,79,79,79,79,79,79,79,79,79,78,79
2015-01-18,10011,160,160,160,160,160,160,160,160,160,160,160,160,160,160,160
2015-01-18,10012,71,71,71,71,71,71,71,71,71,71,71,71,71,71,71
2015-01-18,10013,56,56,56,56,56,56,56,56,56,56,56,56,56,56,56
2015-01-18,10014,91,91,91,91,91,91,91,91,91,91,91,91,91,88,91
2015-01-18,10016,115,115,115,115,115,115,115,115,115,115,115,115,115,114,115
2015-01-18,10017,30,30,30,30,30,30,30,30,30,30,30,30,30,30,30
2015-01-18,10018,45,45,45,45,45,45,45,45,45,45,45,45,45,45,45
2015-01-18,10019,82,82,82,82,82,82,82,82,82,82,82,82,82,81,82
2015-01-18,10022,29,29,29,29,29,29,29,29,29,29,29,29,29,28,29
2015-01-18,10023,10,10,10,10,10,10,10,10,10,10,10,10,10,9,10
2015-01-18,10036,67,67,67,67,67,67,67,67,67,67,67,67,67,66,67
2015-01-18,10038,29,29,29,29,29,29,29,29,29,29,29,29,29,26,29
2015-01-18,10280,8,8,8,8,8,8,8,8,8,8,8,8,8,8,8
2015-01-18,10281,4,4,4,4,4,4,4,4,4,4,4,4,4,4,4
2015-01-18,10282,6,6,6,6,6,6,6,6,6,6,6,6,6,6,6
2015-01-18,11201,70,70,70,70,70,70,70,70,70,70,70,70,70,70,70
2015-01-18,11205,36,36,36,36,36,36,36,36,36,36,36,36,36,35,36
2015-01-18,11211,8,8,8,8,8,8,8,8,8,8,8,8,8,8,8
2015-01-18,11216,3,3,3,3,3,3,3,3,3,3,3,3,3,3,3
2015-01-18,11217,18,18,18,18,18,18,18,18,18,18,18,18,18,18,18
2015-01-18,11238,14,14,14,14,14,14,14,14,14,14,14,14,14,14,14
2015-01-18,11249,14,14,14,14,14,14,14,14,14,14,14,14,14,14,14
2015-01-19,0,7,7,7,7,7,7,7,7,7,7,7,7,7,6,7
2015-01-19,83,25,25,25,25,25,25,25,25,25,25,25,25,25,20,25
2015-01-19,10001,857,857,857,857,857,857,857,857,857,857,857,857,857,841,857
2015-01-19,10002,701,701,701,701,701,701,701,701,701,701,701,701,701,679,701
2015-01-19,10003,1277,1277,1277,1277,1277,1277,1277,1277,1277,1277,1277,1277,1277,1254,1277
2015-01-19,10004,53,53,53,53,53,53,53,53,53,53,53,53,53,47,53
2015-01-19,10005,98,98,98,98,98,98,98,98,98,98,98,98,98,93,98
2015-01-19,10007,196,196,196,196,196,196,196,196,196,196,196,196,196,185,196
2015-01-19,10009,663,663,663,663,663,663,663,663,663,663,663,663,663,656,663
2015-01-19,10010,409,409,409,409,409,409,409,409,409,409,409,409,409,405,409
2015-01-19,10011,1036,1036,1036,1036,1036,1036,1036,1036,1036,1036,1036,1036,1036,1021,1036
2015-01-19,10012,497,497,497,497,497,497,497,497,497,497,497,497,497,483,497
2015-01-19,10013,414,414,414,414,414,414,414,414,414,414,414,414,414,394,414
2015-01-19,10014,668,668,668,668,668,668,668,668,668,668,668,668,668,651,668
2015-01-19,10016,824,824,824,824,824,824,824,824,824,824,824,824,824,814,824
2015-01-19,10017,351,351,351,351,351,351,351,351,351,351,351,351,351,339,351
2015-01-19,10018,390,390,390,390,390,390,390,390,390,390,390,390,390,383,390
2015-01-19,10019,595,595,595,595,595,595,595,595,595,595,595,595,595,557,595
2015-01-19,10022,255,255,255,255,255,255,255,255,255,255,255,255,255,252,255
2015-01-19,10023,40,40,40,40,40,40,40,40,40,40,40,40,40,34,40
2015-01-19,10036,405,405,405,405,405,405,405,405,405,405,405,405,405,389,405
2015-01-19,10038,142,142,142,142,142,142,142,142,142,142,142,142,142,132,142
2015-01-19,10280,62,62,62,62,62,62,62,62,62,62,62,62,62,60,62
2015-01-19,10281,43,43,43,43,43,43,43,43,43,43,43,43,43,43,43
2015-01-19,10282,53,53,53,53,53,53,53,53,53,53,53,53,53,50,53
2015-01-19,11201,299,299,299,299,299,299,299,299,299,299,299,299,299,281,299
2015-01-19,11205,129,129,129,129,129,129,129,129,129,129,129,129,129,128,129
2015-01-19,11211,50,50,50,50,50,50,50,50,50,50,50,50,50,40,50
2015-01-19,11216,3,3,3,3,3,3,3,3,3,3,3,3,3,3,3
2015-01-19,11217,68,68,68,68,68,68,68,68,68,68,68,68,68,66,68
2015-01-19,11238,58,58,58,58,58,58,58,58,58,58,58,58,58,56,58
2015-01-19,11249,33,33,33,33,33,33,33,33,33,33,33,33,33,33,33
2015-01-19,11251,9,9,9,9,9,9,9,9,9,9,9,9,9,9,9
2015-01-20,0,20,20,20,20,20,20,20,20,20,20,20,20,20,16,20
2015-01-20,83,30,30,30,30,30,30,30,30,30,30,30,30,30,16,30
2015-01-20,10001,1543,1543,1543,1543,1543,1543,1543,1543,1543,1543,1543,1543,1543,1518,1543
2015-01-20,10002,690,690,690,690,690,690,690,690,690,690,690,690,690,687,690
2015-01-20,10003,1629,1629,1629,1629,1629,1629,1629,1629,1629,1629,1629,1629,1629,1606,1629
2015-01-20,10004,155,155,155,155,155,155,155,155,155,155,155,155,155,152,155
2015-01-20,10005,255,255,255,255,255,255,255,255,255,255,255,255,255,255,255
2015-01-20,10007,399,399,399,399,399,399,399,399,399,399,399,399,399,392,399
2015-01-20,10009,697,697,697,697,697,697,697,697,697,697,697,697,697,691,697
2015-01-20,10010,674,674,674,674,674,674,674,674,674,674,674,674,674,667,674
2015-01-20,10011,1287,1287,1287,1287,1287,1287,1287,1287,1287,1287,1287,1287,1287,1274,1287
2015-01-20,10012,634,634,634,634,634,634,634,634,634,634,634,634,634,629,634
2015-01-20,10013,653,653,653,653,653,653,653,653,653,653,653,653,653,641,653
2015-01-20,10014,817,817,817,817,817,817,817,817,817,817,817,817,817,808,817
2015-01-20,10016,1361,1361,1361,1361,1361,1361,1361,1361,1361,1361,1361,1361,1361,1340,1361
2015-01-20,10017,925,925,925,925,925,925,925,925,925,925,925,925,925,915,925
2015-01-20,10018,676,676,676,676,676,676,676,676,676,676,676,676,676,663,676
2015-01-20,10019,1022,1022,1022,1022,1022,1022,1022,1022,1022,1022,1022,1022,1022,983,1022
2015-01-20,10022,485,485,485,485,485,485,485,485,485,485,485,485,485,483,485
2015-01-20,10023,86,86,86,86,86,86,86,86,86,86,86,86,86,85,86
2015-01-20,10036,757,757,757,757,757,757,757,757,757,757,757,757,757,747,757
2015-01-20,10038,215,215,215,215,215,215,215,215,215,215,215,215,215,214,215
2015-01-20,10280,50,50,50,50,50,50,50,50,50,50,50,50,50,50,50
2015-01-20,10281,58,58,58,58,58,58,58,58,58,58,58,58,58,56,58
2015-01-20,10282,90,90,90,90,90,90,90,90,90,90,90,90,90,89,90
2015-01-20,11201,459,459,459,459,459,459,459,459,459,459,459,459,459,450,459
2015-01-20,11205,167,167,167,167,167,167,167,167,167,167,167,167,167,164,167
2015-01-20,11211,44,44,44,44,44,44,44,44,44,44,44,44,44,42,44
2015-01-20,11216,20,20,20,20,20,20,20,20,20,20,20,20,20,20,20
2015-01-20,11217,104,104,104,104,104,104,104,104,104,104,104,104,104,101,104
2015-01-20,11238,64,64,64,64,64,64,64,64,64,64,64,64,64,63,64
2015-01-20,11249,48,48,48,48,48,48,48,48,48,48,48,48,48,46,48
2015-01-20,11251,15,15,15,15,15,15,15,15,15,15,15,15,15,15,15
2015-01-21,0,25,25,25,25,25,25,25,25,25,25,25,25,25,24,25
2015-01-21,83,19,19,19,19,19,19,19,19,19,19,19,19,19,14,19
2015-01-21,10001,1487,1487,1487,1487,1487,1487,1487,1487,1487,1487,1487,1487,1487,1480,1487
2015-01-21,10002,699,699,699,699,699,699,699,699,699,699,699,699,699,694,699
2015-01-21,10003,1649,1649,1649,1649,1649,1649,1649,1649,1649,1649,1649,1649,1649,1634,1649
2015-01-21,10004,137,137,137,137,137,137,137,137,137,137,137,137,137,134,137
2015-01-21,10005,212,212,212,212,212,212,212,212,212,212,212,212,212,210,212
2015-01-21,10007,354,354,354,354,354,354,354,354,354,354,354,354,354,344,354
2015-01-21,10009,758,758,758,758,758,758,758,758,758,758,758,758,758,754,758
2015-01-21,10010,640,640,640,640,640,640,640,640,640,640,640,640,640,633,640
2015-01-21,10011,1218,1218,1218,1218,1218,1218,1218,1218,1218,1218,1218,1218,1218,1209,1218
2015-01-21,10012,521,521,521,521,521,521,521,521,521,521,521,521,521,517,521
2015-01-21,10013,637,637,637,637,637,637,637,637,637,637,637,637,637,629,637
2015-01-21,10014,732,732,732,732,732,732,732,732,732,732,732,732,732,728,732
2015-01-21,10016,1204,1204,1204,1204,1204,1204,1204,1204,1204,1204,1204,1204,1204,1195,1204
2015-01-21,10017,875,875,875,875,875,875,875,875,875,875,875,875,875,874,875
2015-01-21,10018,591,591,591,591,591,591,591,591,591,591,591,591,591,585,591
2015-01-21,10019,929,929,929,929,929,929,929,929,929,929,929,929,929,904,929
2015-01-21,10022,432,432,432,432,432,432,432,432,432,432,432,432,432,432,432
2015-01-21,10023,69,69,69,69,69,69,69,69,69,69,69,69,69,67,69
2015-01-21,10036,722,722,722,722,722,722,722,722,722,722,722,722,722,710,722
2015-01-21,10038,227,227,227,227,227,227,227,227,227,227,227,227,227,225,227
2015-01-21,10280,70,70,70,70,70,70,70,70,70,70,70,70,70,69,70
2015-01-21,10281,47,47,47,47,47,47,47,47,47,47,47,47,47,46,47
2015-01-21,10282,90,90,90,90,90,90,90,90,90,90,90,90,90,89,90
2015-01-21,11201,458,458,458,458,458,458,458,458,458,458,458,458,458,447,458
2015-01-21,11205,168,168,168,168,168,168,168,168,168,168,168,168,168,167,168
2015-01-21,11211,34,34,34,34,34,34,34,34,34,34,34,34,34,31,34
2015-01-21,11216,17,17,17,17,17,17,17,17,17,17,17,17,17,17,17
2015-01-21,11217,98,98,98,98,98,98,98,98,98,98,98,98,98,97,98
2015-01-21,11238,64,64,64,64,64,64,64,64,64,64,64,64,64,59,64
2015-01-21,11249,38,38,38,38,38,38,38,38,38,38,38,38,38,37,38
2015-01-21,11251,13,13,13,13,13,13,13,13,13,13,13,13,13,13,13
2015-01-22,0,20,20,20,20,20,20,20,20,20,20,20,20,20,20,20
2015-01-22,83,21,21,21,21,21,21,21,21,21,21,21,21,21,15,21
2015-01-22,10001,1538,1538,1538,1538,1538,1538,1538,1538,1538,1538,1538,1538,1538,1530,1538
2015-01-22,10002,821,821,821,821,821,821,821,821,821,821,821,821,821,813,821
2015-01-22,10003,1586,1586,1586,1586,1586,1586,1586,1586,1586,1586,1586,1586,1586,1571,1586
2015-01-22,10004,121,121,121,121,121,121,121,121,121,121,121,121,121,121,121
2015-01-22,10005,210,210,210,210,210,210,210,210,210,210,210,210,210,208,210
2015-01-22,10007,346,346,346,346,346,346,346,346,346,346,346,346,346,338,346
2015-01-22,10009,829,829,829,829,829,829,829,829,829,829,829,829,829,823,829
2015-01-22,10010,674,674,674,674,674,674,674,674,674,674,674,674,674,669,674
2015-01-22,10011,1228,1228,1228,1228,1228,1228,1228,1228,1228,1228,1228,1228,1228,1220,1228
2015-01-22,10012,620,620,620,620,620,620,620,620,620,620,620,620,620,613,620
2015-01-22,10013,584,584,584,584,584,584,584,584,584,584,584,584,584,565,584
2015-01-22,10014,820,820,820,820,820,820,820,820,820,820,820,820,820,808,820
2015-01-22,10016,1200,1200,1200,1200,1200,1200,1200,1200,1200,1200,1200,1200,1200,1188,1200
2015-01-22,10017,907,907,907,907,907,907,907,907,907,907,907,907,907,899,907
2015-01-22,10018,626,626,626,626,626,626,626,626,626,626,626,626,626,623,626
2015-01-22,10019,1009,1009,1009,1009,1009,1009,1009,1009,1009,1009,1009,1009,1009,986,1009
2015-01-22,10022,504,504,504,504,504,504,504,504,504,504,504,504,504,499,504
2015-01-22,10023,80,80,80,80,80,80,80,80,80,80,80,80,80,80,80
2015-01-22,10036,711,711,711,711,711,711,711,711,711,711,711,711,711,705,711
2015-01-22,10038,246,246,246,246,246,246,246,246,246,246,246,246,246,241,246
2015-01-22,10280,68,68,68,68,68,68,68,68,68,68,68,68,68,67,68
2015-01-22,10281,70,70,70,70,70,70,70,70,70,70,70,70,70,70,70
2015-01-22,10282,84,84,84,84,84,84,84,84,84,84,84,84,84,83,84
2015-01-22,11201,471,471,471,471,471,471,471,471,471,471,471,471,471,453,471
2015-01-22,11205,175,175,175,175,175,175,175,175,175,175,175,175,175,172,175
2015-01-22,11211,51,51,51,51,51,51,51,51,51,51,51,51,51,51,51
2015-01-22,11216,9,9,9,9,9,9,9,9,9,9,9,9,9,9,9
2015-01-22,11217,98,98,98,98,98,98,98,98,98,98,98,98,98,96,98
2015-01-22,11238,65,65,65,65,65,65,65,65,65,65,65,65,65,65,65
2015-01-22,11249,57,57,57,57,57,57,57,57,57,57,57,57,57,52,57
2015-01-22,11251,15,15,15,15,15,15,15,15,15,15,15,15,15,15,15
2015-01-23,0,35,35,35,35,35,35,35,35,35,35,35,35,35,33,35
2015-01-23,83,28,28,28,28,28,28,28,28,28,28,28,28,28,10,28
2015-01-23,10001,1450,1450,1450,1450,1450,1450,1450,1450,1450,1450,1450,1450,1450,1428,1450
2015-01-23,10002,852,852,852,852,852,852,852,852,852,852,852,852,852,846,852
2015-01-23,10003,1714,1714,1714,1714,1714,1714,1714,1714,1714,1714,1714,1714,1714,1684,1714
2015-01-23,10004,114,114,114,114,114,114,114,114,114,114,114,114,114,110,114
2015-01-23,10005,198,198,198,198,198,198,198,198,198,198,198,198,198,195,198
2015-01-23,10007,345,345,345,345,345,345,345,345,345,345,345,345,345,339,345
2015-01-23,10009,825,825,825,825,825,825,825,825,825,825,825,825,825,819,825
2015-01-23,10010,645,645,645,645,645,645,645,645,645,645,645,645,645,636,645
2015-01-23,10011,1249,1249,1249,1249,1249,1249,1249,1249,1249,1249,1249,1249,1249,1232,1249
2015-01-23,10012,593,593,593,593,593,593,593,593,593,593,593,593,593,574,593
2015-01-23,10013,639,639,639,639,639,639,639,639,639,639,639,639,639,627,639
2015-01-23,10014,841,841,841,841,841,841,841,841,841,841,841,841,841,820,841
2015-01-23,10016,1145,1145,1145,1145,1145,1145,1145,1145,1145,1145,1145,1145,1145,1130,1145
2015-01-23,10017,846,846,846,846,846,846,846,846,846,846,846,846,846,833,846
2015-01-23,10018,634,634,634,634,634,634,634,634,634,634,634,634,634,616,634
2015-01-23,10019,987,987,987,987,987,987,987,987,987,987,987,987,987,949,987
2015-01-23,10022,447,447,447,447,447,447,447,447,447,447,447,447,447,437,447
2015-01-23,10023,87,87,87,87,87,87,87,87,87,87,87,87,87,76,87
2015-01-23,10036,684,684,684,684,684,684,684,684,684,684,684,684,684,673,684
2015-01-23,10038,227,227,227,227,227,227,227,227,227,227,227,227,227,224,227
2015-01-23,10280,76,76,76,76,76,76,76,76,76,76,76,76,76,75,76
2015-01-23,10281,54,54,54,54,54,54,54,54,54,54,54,54,54,54,54
2015-01-23,10282,98,98,98,98,98,98,98,98,98,98,98,98,98,98,98
2015-01-23,11201,451,451,451,451,451,451,451,451,451,451,451,451,451,447,451
2015-01-23,11205,159,159,159,159,159,159,159,159,159,159,159,159,159,156,159
2015-01-23,11211,44,44,44,44,44,44,44,44,44,44,44,44,44,42,44
2015-01-23,11216,21,21,21,21,21,21,21,21,21,21,21,21,21,21,21
2015-01-23,11217,111,111,111,111,111,111,111,111,111,111,111,111,111,111,111
2015-01-23,11238,74,74,74,74,74,74,74,74,74,74,74,74,74,73,74
2015-01-23,11249,55,55,55,55,55,55,55,55,55,55,55,55,55,55,55
2015-01-23,11251,9,9,9,9,9,9,9,9,9,9,9,9,9,9,9
2015-01-24,83,6,6,6,6,6,6,6,6,6,6,6,6,6,3,6
2015-01-24,10001,283,283,283,283,283,283,283,283,283,283,283,283,283,277,283
2015-01-24,10002,364,364,364,364,364,364,364,364,364,364,364,364,364,362,364
2015-01-24,10003,614,614,614,614,614,614,614,614,614,614,614,614,614,608,614
2015-01-24,10004,15,15,15,15,15,15,15,15,15,15,15,15,15,13,15
2015-01-24,10005,46,46,46,46,46,46,46,46,46,46,46,46,46,40,46
2015-01-24,10007,107,107,107,107,107,107,107,107,107,107,107,107,107,95,107
2015-01-24,10009,364,364,364,364,364,364,364,364,364,364,364,364,364,361,364
2015-01-24,10010,189,189,189,189,189,189,189,189,189,189,189,189,189,189,189
2015-01-24,10011,558,558,558,558,558,558,558,558,558,558,558,558,558,553,558
2015-01-24,10012,239,239,239,239,239,239,239,239,239,239,239,239,239,233,239
2015-01-24,10013,178,178,178,178,178,178,178,178,178,178,178,178,178,175,178
2015-01-24,10014,324,324,324,324,324,324,324,324,324,324,324,324,324,316,324
2015-01-24,10016,321,321,321,321,321,321,321,321,321,321,321,321,321,315,321
2015-01-24,10017,87,87,87,87,87,87,87,87,87,87,87,87,87,82,87
2015-01-24,10018,144,144,144,144,144,144,144,144,144,144,144,144,144,144,144
2015-01-24,10019,242,242,242,242,242,242,242,242,242,242,242,242,242,226,242
2015-01-24,10022,96,96,96,96,96,96,96,96,96,96,96,96,96,95,96
2015-01-24,10023,30,30,30,30,30,30,30,30,30,30,30,30,30,30,30
2015-01-24,10036,175,175,175,175,175,175,175,175,175,175,175,175,175,169,175
2015-01-24,10038,60,60,60,60,60,60,60,60,60,60,60,60,60,60,60
2015-01-24,10280,19,19,19,19,19,19,19,19,19,19,19,19,19,17,19
2015-01-24,10281,23,23,23,23,23,23,23,23,23,23,23,23,23,23,23
2015-01-24,10282,21,21,21,21,21,21,21,21,21,21,21,21,21,21,21
2015-01-24,11201,128,128,128,128,128,128,128,128,128,128,128,128,128,123,128
2015-01-24,11205,70,70,70,70,70,70,70,70,70,70,70,70,70,66,70
2015-01-24,11211,23,23,23,23,23,23,23,23,23,23,23,23,23,22,23
2015-01-24,11216,9,9,9,9,9,9,9,9,9,9,9,9,9,9,9
2015-01-24,11217,25,25,25,25,25,25,25,25,25,25,25,25,25,24,25
2015-01-24,11238,25,25,25,25,25,25,25,25,25,25,25,25,25,25,25
2015-01-24,11249,27,27,27,27,27,27,27,27,27,27,27,27,27,24,27
2015-01-24,11251,2,2,2,2,2,2,2,2,2,2,2,2,2,2,2
2015-01-25,0,19,19,19,19,19,19,19,19,19,19,19,19,19,15,19
2015-01-25,83,29,29,29,29,29,29,29,29,29,29,29,29,29,17,29
2015-01-25,10001,623,623,623,623,623,623,623,623,623,623,623,623,623,603,623
2015-01-25,10002,703,703,703,703,703,703,703,703,703,703,703,703,703,679,703
2015-01-25,10003,1289,1289,1289,1289,1289,1289,1289,1289,1289,1289,1289,1289,1289,1254,1289
2015-01-25,10004,60,60,60,60,60,60,60,60,60,60,60,60,60,48,60
2015-01-25,10005,82,82,82,82,82,82,82,82,82,82,82,82,82,80,82
2015-01-25,10007,171,171,171,171,171,171,171,171,171,171,171,171,171,157,171
2015-01-25,10009,627,627,627,627,627,627,627,627,627,627,627,627,627,618,627
2015-01-25,10010,353,353,353,353,353,353,353,353,353,353,353,353,353,346,353
2015-01-25,10011,981,981,981,981,981,981,981,981,981,981,981,981,981,959,981
2015-01-25,10012,445,445,445,445,445,445,445,445,445,445,445,445,445,434,445
2015-01-25,10013,369,369,369,369,369,369,369,369,369,369,369,369,369,355,369
2015-01-25,10014,677,677,677,677,677,677,677,677,677,677,677,677,677,648,677
2015-01-25,10016,570,570,570,570,570,570,570,570,570,570,570,570,570,556,570
2015-01-25,10017,184,184,184,184,184,184,184,184,184,184,184,184,184,171,184
2015-01-25,10018,232,232,232,232,232,232,232,232,232,232,232,232,232,221,232
2015-01-25,10019,503,503,503,503,503,503,503,503,503,503,503,503,503,433,503
2015-01-25,10022,201,201,201,201,201,201,201,201,201,201,201,201,201,197,201
2015-01-25,10023,75,75,75,75,75,75,75,75,75,75,75,75,75,66,75
2015-01-25,10036,302,302,302,302,302,302,302,302,302,302,302,302,302,278,302
2015-01-25,10038,122,122,122,122,122,122,122,122,122,122,122,122,122,115,122
2015-01-25,10280,44,44,44,44,44,44,44,44,44,44,44,44,44,44,44
2015-01-25,10281,44,44,44,44,44,44,44,44,44,44,44,44,44,41,44
2015-01-25,10282,33,33,33,33,33,33,33,33,33,33,33,33,33,32,33
2015-01-25,11201,261,261,261,261,261,261,261,261,261,261,261,261,261,231,261
2015-01-25,11205,122,122,122,122,122,122,122,122,122,122,122,122,122,117,122
2015-01-25,11211,45,45,45,45,45,45,45,45,45,45,45,45,45,32,45
2015-01-25,11216,16,16,16,16,16,16,16,16,16,16,16,16,16,16,16
2015-01-25,11217,74,74,74,74,74,74,74,74,74,74,74,74,74,72,74
2015-01-25,11238,57,57,57,57,57,57,57,57,57,57,57,57,57,56,57
2015-01-25,11249,60,60,60,60,60,60,60,60,60,60,60,60,60,53,60
2015-01-25,11251,6,6,6,6,6,6,6,6,6,6,6,6,6,6,6
2015-01-26,0,10,10,10,10,10,10,10,10,10,10,10,10,10,10,10
2015-01-26,83,2,2,2,2,2,2,2,2,2,2,2,2,2,2,2
2015-01-26,10001,342,342,342,342,342,342,342,342,342,342,342,342,342,342,342
2015-01-26,10002,196,196,196,196,196,196,196,196,196,196,196,196,196,195,196
2015-01-26,10003,422,422,422,422,422,422,422,422,422,422,422,422,422,422,422
2015-01-26,10004,39,39,39,39,39,39,39,39,39,39,39,39,39,39,39
2015-01-26,10005,61,61,61,61,61,61,61,61,61,61,61,61,61,61,61
2015-01-26,10007,94,94,94,94,94,94,94,94,94,94,94,94,94,93,94
2015-01-26,10009,177,177,177,177,177,177,177,177,177,177,177,177,177,177,177
2015-01-26,10010,173,173,173,173,173,173,173,173,173,173,173,173,173,172,173
2015-01-26,10011,302,302,302,302,302,302,302,302,302,302,302,302,302,302,302
2015-01-26,10012,147,147,147,147,147,147,147,147,147,147,147,147,147,147,147
2015-01-26,10013,161,161,161,161,161,161,161,161,161,161,161,161,161,159,161
2015-01-26,10014,221,221,221,221,221,221,221,221,221,221,221,221,221,219,221
2015-01-26,10016,335,335,335,335,335,335,335,335,335,335,335,335,335,334,335
2015-01-26,10017,248,248,248,248,248,248,248,248,248,248,248,248,248,246,248
2015-01-26,10018,188,188,188,188,188,188,188,188,188,188,188,188,188,187,188
2015-01-26,10019,259,259,259,259,259,259,259,259,259,259,259,259,259,255,259
2015-01-26,10022,120,120,120,120,120,120,120,120,120,120,120,120,120,120,120
2015-01-26,10023,18,18,18,18,18,18,18,18,18,18,18,18,18,18,18
2015-01-26,10036,206,206,206,206,206,206,206,206,206,206,206,206,206,205,206
2015-01-26,10038,62,62,62,62,62,62,62,62,62,62,62,62,62,60,62
2015-01-26,10280,25,25,25,25,25,25,25,25,25,25,25,25,25,25,25
2015-01-26,10281,20,20,20,20,20,20,20,20,20,20,20,20,20,20,20
2015-01-26,10282,30,30,30,30,30,30,30,30,30,30,30,30,30,30,30
2015-01-26,11201,135,135,135,135,135,135,135,135,135,135,135,135,135,134,135
2015-01-26,11205,48,48,48,48,48,48,48,48,48,48,48,48,48,48,48
2015-01-26,11211,11,11,11,11,11,11,11,11,11,11,11,11,11,11,11
2015-01-26,11216,4,4,4,4,4,4,4,4,4,4,4,4,4,4,4
2015-01-26,11217,37,37,37,37,37,37,37,37,37,37,37,37,37,34,37
2015-01-26,11238,27,27,27,27,27,27,27,27,27,27,27,27,27,27,27
2015-01-26,11249,19,19,19,19,19,19,19,19,19,19,19,19,19,19,19
2015-01-26,11251,2,2,2,2,2,2,2,2,2,2,2,2,2,1,2
2015-01-27,0,1,1,1,1,1,1,1,1,1,1,1,1,1,1,1
2015-01-27,10001,69,69,69,69,69,69,69,69,69,69,69,69,69,69,69
2015-01-27,10002,76,76,76,76,76,76,76,76,76,76,76,76,76,76,76
2015-01-27,10003,142,142,142,142,142,142,142,142,142,142,142,142,142,141,142
2015-01-27,10004,14,14,14,14,14,14,14,14,14,14,14,14,14,8,14
2015-01-27,10005,23,23,23,23,23,23,23,23,23,23,23,23,23,21,23
2015-01-27,10007,39,39,39,39,39,39,39,39,39,39,39,39,39,35,39
2015-01-27,10009,71,71,71,71,71,71,71,71,71,71,71,71,71,71,71
2015-01-27,10010,59,59,59,59,59,59,59,59,59,59,59,59,59,58,59
2015-01-27,10011,127,127,127,127,127,127,127,127,127,127,127,127,127,124,127
2015-01-27,10012,43,43,43,43,43,43,43,43,43,43,43,43,43,43,43
2015-01-27,10013,48,48,48,48,48,48,48,48,48,48,48,48,48,48,48
2015-01-27,10014,81,81,81,81,81,81,81,81,81,81,81,81,81,78,81
2015-01-27,10016,92,92,92,92,92,92,92,92,92,92,92,92,92,90,92
2015-01-27,10017,33,33,33,33,33,33,33,33,33,33,33,33,33,33,33
2015-01-27,10018,23,23,23,23,23,23,23,23,23,23,23,23,23,22,23
2015-01-27,10019,78,78,78,78,78,78,78,78,78,78,78,78,78,76,78
2015-01-27,10022,30,30,30,30,30,30,30,30,30,30,30,30,30,29,30
2015-01-27,10023,8,8,8,8,8,8,8,8,8,8,8,8,8,8,8
2015-01-27,10036,49,49,49,49,49,49,49,49,49,49,49,49,49,47,49
2015-01-27,10038,14,14,14,14,14,14,14,14,14,14,14,14,14,14,14
2015-01-27,10280,3,3,3,3,3,3,3,3,3,3,3,3,3,3,3
2015-01-27,10281,7,7,7,7,7,7,7,7,7,7,7,7,7,7,7
2015-01-27,10282,1,1,1,1,1,1,1,1,1,1,1,1,1,1,1
2015-01-27,11201,27,27,27,27,27,27,27,27,27,27,27,27,27,27,27
2015-01-27,11205,25,25,25,25,25,25,25,25,25,25,25,25,25,25,25
2015-01-27,11211,5,5,5,5,5,5,5,5,5,5,5,5,5,5,5
2015-01-27,11217,11,11,11,11,11,11,11,11,11,11,11,11,11,11,11
2015-01-27,11238,5,5,5,5,5,5,5,5,5,5,5,5,5,5,5
2015-01-27,11249,7,7,7,7,7,7,7,7,7,7,7,7,7,6,7
2015-01-27,11251,3,3,3,3,3,3,3,3,3,3,3,3,3,3,3
2015-01-28,0,10,10,10,10,10,10,10,10,10,10,10,10,10,10,10
2015-01-28,83,8,8,8,8,8,8,8,8,8,8,8,8,8,7,8
2015-01-28,10001,496,496,496,496,496,496,496,496,496,496,496,496,496,494,496
2015-01-28,10002,341,341,341,341,341,341,341,341,341,341,341,341,341,341,341
2015-01-28,10003,592,592,592,592,592,592,592,592,592,592,592,592,592,590,592
2015-01-28,10004,49,49,49,49,49,49,49,49,49,49,49,49,49,49,49
2015-01-28,10005,94,94,94,94,94,94,94,94,94,94,94,94,94,94,94
2015-01-28,10007,130,130,130,130,130,130,130,130,130,130,130,130,130,129,130
2015-01-28,10009,289,289,289,289,289,289,289,289,289,289,289,289,289,288,289
2015-01-28,10010,298,298,298,298,298,298,298,298,298,298,298,298,298,297,298
2015-01-28,10011,442,442,442,442,442,442,442,442,442,442,442,442,442,439,442
2015-01-28,10012,220,220,220,220,220,220,220,220,220,220,220,220,220,220,220
2015-01-28,10013,195,195,195,195,195,195,195,195,195,195,195,195,195,194,195
2015-01-28,10014,281,281,281,281,281,281,281,281,281,281,281,281,281,277,281
2015-01-28,10016,335,335,335,335,335,335,335,335,335,335,335,335,335,334,335
2015-01-28,10017,306,306,306,306,306,306,306,306,306,306,306,306,306,306,306
2015-01-28,10018,139,139,139,139,139,139,139,139,139,139,139,139,139,139,139
2015-01-28,10019,287,287,287,287,287,287,287,287,287,287,287,287,287,284,287
2015-01-28,10022,133,133,133,133,133,133,133,133,133,133,133,133,133,129,133
2015-01-28,10023,24,24,24,24,24,24,24,24,24,24,24,24,24,24,24
2015-01-28,10036,246,246,246,246,246,246,246,246,246,246,246,246,246,246,246
2015-01-28,10038,104,104,104,104,104,104,104,104,104,104,104,104,104,103,104
2015-01-28,10280,19,19,19,19,19,19,19,19,19,19,19,19,19,19,19
2015-01-28,10281,16,16,16,16,16,16,16,16,16,16,16,16,16,16,16
2015-01-28,10282,37,37,37,37,37,37,37,37,37,37,37,37,37,37,37
2015-01-28,11201,168,168,168,168,168,168,168,168,168,168,168,168,168,165,168
2015-01-28,11205,42,42,42,42,42,42,42,42,42,42,42,42,42,42,42
2015-01-28,11211,14,14,14,14,14,14,14,14,14,14,14,14,14,14,14
2015-01-28,11216,3,3,3,3,3,3,3,3,3,3,3,3,3,3,3
2015-01-28,11217,39,39,39,39,39,39,39,39,39,39,39,39,39,39,39
2015-01-28,11238,20,20,20,20,20,20,20,20,20,20,20,20,20,20,20
2015-01-28,11249,16,16,16,16,16,16,16,16,16,16,16,16,16,16,16
2015-01-28,11251,8,8,8,8,8,8,8,8,8,8,8,8,8,8,8
2015-01-29,0,18,18,18,18,18,18,18,18,18,18,18,18,18,18,18
2015-01-29,83,11,11,11,11,11,11,11,11,11,11,11,11,11,7,11
2015-01-29,10001,829,829,829,829,829,829,829,829,829,829,829,829,829,814,829
2015-01-29,10002,520,520,520,520,520,520,520,520,520,520,520,520,520,518,520
2015-01-29,10003,924,924,924,924,924,924,924,924,924,924,924,924,924,919,924
2015-01-29,10004,96,96,96,96,96,96,96,96,96,96,96,96,96,93,96
2015-01-29,10005,120,120,120,120,120,120,120,120,120,120,120,120,120,120,120
2015-01-29,10007,229,229,229,229,229,229,229,229,229,229,229,229,229,225,229
2015-01-29,10009,491,491,491,491,491,491,491,491,491,491,491,491,491,491,491
2015-01-29,10010,402,402,402,402,402,402,402,402,402,402,402,402,402,399,402
2015-01-29,10011,653,653,653,653,653,653,653,653,653,653,653,653,653,647,653
2015-01-29,10012,334,334,334,334,334,334,334,334,334,334,334,334,334,331,334
2015-01-29,10013,303,303,303,303,303,303,303,303,303,303,303,303,303,300,303
2015-01-29,10014,381,381,381,381,381,381,381,381,381,381,381,381,381,374,381
2015-01-29,10016,659,659,659,659,659,659,659,659,659,659,659,659,659,657,659
2015-01-29,10017,527,527,527,527,527,527,527,527,527,527,527,527,527,526,527
2015-01-29,10018,384,384,384,384,384,384,384,384,384,384,384,384,384,381,384
2015-01-29,10019,500,500,500,500,500,500,500,500,500,500,500,500,500,492,500
2015-01-29,10022,248,248,248,248,248,248,248,248,248,248,248,248,248,245,248
2015-01-29,10023,41,41,41,41,41,41,41,41,41,41,41,41,41,40,41
2015-01-29,10036,378,378,378,378,378,378,378,378,378,378,378,378,378,374,378
2015-01-29,10038,123,123,123,123,123,123,123,123,123,123,123,123,123,117,123
2015-01-29,10280,47,47,47,47,47,47,47,47,47,47,47,47,47,47,47
2015-01-29,10281,24,24,24,24,24,24,24,24,24,24,24,24,24,24,24
2015-01-29,10282,61,61,61,61,61,61,61,61,61,61,61,61,61,59,61
2015-01-29,11201,280,280,280,280,280,280,280,280,280,280,280,280,280,280,280
2015-01-29,11205,88,88,88,88,88,88,88,88,88,88,88,88,88,87,88
2015-01-29,11211,21,21,21,21,21,21,21,21,21,21,21,21,21,21,21
2015-01-29,11216,13,13,13,13,13,13,13,13,13,13,13,13,13,13,13
2015-01-29,11217,87,87,87,87,87,87,87,87,87,87,87,87,87,87,87
2015-01-29,11238,35,35,35,35,35,35,35,35,35,35,35,35,35,35,35
2015-01-29,11249,35,35,35,35,35,35,35,35,35,35,35,35,35,32,35
2015-01-29,11251,8,8,8,8,8,8,8,8,8,8,8,8,8,8,8
2015-01-30,0,14,14,14,14,14,14,14,14,14,14,14,14,14,13,14
2015-01-30,83,14,14,14,14,14,14,14,14,14,14,14,14,14,10,14
2015-01-30,10001,846,846,846,846,846,846,846,846,846,846,846,846,846,840,846
2015-01-30,10002,536,536,536,536,536,536,536,536,536,536,536,536,536,533,536
2015-01-30,10003,1006,1006,1006,1006,1006,1006,1006,1006,1006,1006,1006,1006,1006,995,1006
2015-01-30,10004,74,74,74,74,74,74,74,74,74,74,74,74,74,68,74
2015-01-30,10005,114,114,114,114,114,114,114,114,114,114,114,114,114,114,114
2015-01-30,10007,196,196,196,196,196,196,196,196,196,196,196,196,196,194,196
2015-01-30,10009,538,538,538,538,538,538,538,538,538,538,538,538,538,537,538
2015-01-30,10010,384,384,384,384,384,384,384,384,384,384,384,384,384,381,384
2015-01-30,10011,715,715,715,715,715,715,715,715,715,715,715,715,715,705,715
2015-01-30,10012,346,346,346,346,346,346,346,346,346,346,346,346,346,341,346
2015-01-30,10013,311,311,311,311,311,311,311,311,311,311,311,311,311,311,311
2015-01-30,10014,439,439,439,439,439,439,439,439,439,439,439,439,439,433,439
2015-01-30,10016,666,666,666,666,666,666,666,666,666,666,666,666,666,663,666
2015-01-30,10017,481,481,481,481,481,481,481,481,481,481,481,481,481,479,481
2015-01-30,10018,359,359,359,359,359,359,359,359,359,359,359,359,359,357,359
2015-01-30,10019,535,535,535,535,535,535,535,535,535,535,535,535,535,526,535
2015-01-30,10022,258,258,258,258,258,258,258,258,258,258,258,258,258,256,258
2015-01-30,10023,30,30,30,30,30,30,30,30,30,30,30,30,30,30,30
2015-01-30,10036,392,392,392,392,392,392,392,392,392,392,392,392,392,391,392
2015-01-30,10038,130,130,130,130,130,130,130,130,130,130,130,130,130,130,130
2015-01-30,10280,33,33,33,33,33,33,33,33,33,33,33,33,33,33,33
2015-01-30,10281,25,25,25,25,25,25,25,25,25,25,25,25,25,25,25
2015-01-30,10282,43,43,43,43,43,43,43,43,43,43,43,43,43,43,43
2015-01-30,11201,274,274,274,274,274,274,274,274,274,274,274,274,274,274,274
2015-01-30,11205,120,120,120,120,120,120,120,120,120,120,120,120,120,120,120
2015-01-30,11211,17,17,17,17,17,17,17,17,17,17,17,17,17,17,17
2015-01-30,11216,8,8,8,8,8,8,8,8,8,8,8,8,8,8,8
2015-01-30,11217,62,62,62,62,62,62,62,62,62,62,62,62,62,62,62
2015-01-30,11238,28,28,28,28,28,28,28,28,28,28,28,28,28,28,28
2015-01-30,11249,17,17,17,17,17,17,17,17,17,17,17,17,17,17,17
2015-01-30,11251,4,4,4,4,4,4,4,4,4,4,4,4,4,4,4
2015-01-31,0,2,2,2,2,2,2,2,2,2,2,2,2,2,2,2
2015-01-31,83,12,12,12,12,12,12,12,12,12,12,12,12,12,11,12
2015-01-31,10001,284,284,284,284,284,284,284,284,284,284,284,284,284,278,284
2015-01-31,10002,377,377,377,377,377,377,377,377,377,377,377,377,377,373,377
2015-01-31,10003,743,743,743,743,743,743,743,743,743,743,743,743,743,740,743
2015-01-31,10004,16,16,16,16,16,16,16,16,16,16,16,16,16,16,16
2015-01-31,10005,35,35,35,35,35,35,35,35,35,35,35,35,35,30,35
2015-01-31,10007,75,75,75,75,75,75,75,75,75,75,75,75,75,72,75
2015-01-31,10009,416,416,416,416,416,416,416,416,416,416,416,416,416,416,416
2015-01-31,10010,219,219,219,219,219,219,219,219,219,219,219,219,219,219,219
2015-01-31,10011,622,622,622,622,622,622,622,622,622,622,622,622,622,616,622
2015-01-31,10012,259,259,259,259,259,259,259,259,259,259,259,259,259,259,259
2015-01-31,10013,210,210,210,210,210,210,210,210,210,210,210,210,210,208,210
2015-01-31,10014,339,339,339,339,339,339,339,339,339,339,339,339,339,334,339
2015-01-31,10016,341,341,341,341,341,341,341,341,341,341,341,341,341,336,341
2015-01-31,10017,93,93,93,93,93,93,93,93,93,93,93,93,93,91,93
2015-01-31,10018,129,129,129,129,129,129,129,129,129,129,129,129,129,128,129
2015-01-31,10019,236,236,236,236,236,236,236,236,236,236,236,236,236,224,236
2015-01-31,10022,101,101,101,101,101,101,101,101,101,101,101,101,101,100,101
2015-01-31,10023,29,29,29,29,29,29,29,29,29,29,29,29,29,23,29
2015-01-31,10036,189,189,189,189,189,189,189,189,189,189,189,189,189,184,189
2015-01-31,10038,77,77,77,77,77,77,77,77,77,77,77,77,77,75,77
2015-01-31,10280,23,23,23,23,23,23,23,23,23,23,23,23,23,23,23
2015-01-31,10281,11,11,11,11,11,11,11,11,11,11,11,11,11,11,11
2015-01-31,10282,12,12,12,12,12,12,12,12,12,12,12,12,12,12,12
2015-01-31,11201,141,141,141,141,141,141,141,141,141,141,141,141,141,140,141
2015-01-31,11205,85,85,85,85,85,85,85,85,85,85,85,85,85,85,85
2015-01-31,11211,20,20,20,20,20,20,20,20,20,20,20,20,20,20,20
2015-01-31,11216,5,5,5,5,5,5,5,5,5,5,5,5,5,5,5
2015-01-31,11217,41,41,41,41,41,41,41,41,41,41,41,41,41,41,41
2015-01-31,11238,28,28,28,28,28,28,28,28,28,28,28,28,28,28,28
2015-01-31,11249,16,16,16,16,16,16,16,16,16,16,16,16,16,16,16
2015-01-31,11251,2,2,2,2,2,2,2,2,2,2,2,2,2,2,2
